0
75
50
25
85
15
90
10
0.1
0.7
0.2
1
0
0.9
0.15
0.75
0.5
0.25
0.85
-0.15
0.9
-0.2
0
0
0
2
0
0
0
0
0
0
0
1
1
1
0
1
0
1
1
1
0.8
0.75
0.7
0.85
0.1
1
0
0.82
0.78
0.72
0.87
0.4
0.91
0.35
0.1
0.05
-0.2
0.2
-0.25
0.4
-0.3
0
0
1
1
0
0
1
1
0
0
0
1
1
1
1.5
1
1
1
1
1
0.77
0.72
0.7
0.78
0.7
0.78
0.2
0.55
0.5
0.49
0.6
0.48
0.62
0.43
10
-2
8
5
5
0
1
0
0
1
0
1
0
0
1
1
0
0
1
1
0
1
0
0
1
1
1
