22
0.58
0.66
0.705
0.73
0.76
0.8
0.8
0.5784825371336813
0.6532027743778049
0.6915110338868219
0.719813628221028
0.7536945812807883
0.7829861111111112
0.7829861111111112
0.15743017592414318
0.3112663518825606
0.4045285337581987
0.45850266836500275
0.509912563593821
0.613790951461876
0.613790951461876
0
0
0
0
0
0
0
0
0
0
0
1
1
1
1
1
1
0
1
0
0.64
0.64
0.6900000000000001
0.73
0.775
0.82
0.82
0.6179966044142615
0.6179966044142615
0.6677442528735632
0.721968800634821
0.7641078184110972
0.8139727159983464
0.8139727159983464
0.27146025103791244
0.27146025103791244
0.36535544578333123
0.4529339812961609
0.5480210338825788
0.6341841146888
0.6341841146888
0
0
0
0
0
0
0
0
0
0
0
1
1
1
1
1
1
1
1
0
0.6
0.6
0.66
0.71
0.735
0.8
0.8
0.5974235104669887
0.5974235104669887
0.6398129201066777
0.6872151169026169
0.7251467300761594
0.7916666666666667
0.7916666666666667
0.19484702093397746
0.19484702093397746
0.3129922100727719
0.4105894423360312
0.467472962863532
0.594294435968718
0.594294435968718
0
0
0
0
0
0
0
0
0
0
0
1
1
1
1
1
1
0
1
1
